001 0.0 1.0 0.0 1.0 0.0 0.0 0.0 0.0 1.0 3.5 1.0 3.5 
002 0.0 1.0 0.0 1.0 0.0 0.0 0.0 0.0 1.0 3.9 1.0 3.0 
003 0.0 1.0 0.0 1.0 0.0 0.0 0.0 0.0 1.0 2.6 1.0 3.6 
004 0.0 1.0 0.0 1.0 0.0 0.0 0.0 0.0 1.0 4.4 1.0 4.2 
005 0.0 1.0 0.0 1.0 0.0 0.0 0.0 0.0 1.0 3.3 1.0 2.3 
006 0.0 1.0 0.0 1.0 0.0 0.0 0.0 0.0 1.0 2.7 1.0 4.7 
007 0.0 1.0 0.0 1.0 0.0 0.0 0.0 0.0 1.0 5.0 1.0 3.1 
008 0.0 1.0 0.0 1.0 0.0 0.0 0.0 0.0 1.0 2.0 1.0 2.7 
009 0.0 1.0 0.0 1.0 0.0 0.0 0.0 0.0 1.0 4.1 1.0 5.2 
010 0.0 1.0 0.0 1.0 0.0 0.0 0.0 0.0 1.0 4.2 1.0 1.8 
011 0.0 1.0 0.0 1.0 0.0 0.0 0.0 0.0 1.0 1.7 1.0 4.3 
012 0.0 1.0 0.0 1.0 0.0 0.0 0.0 0.0 1.0 5.5 1.0 4.1 
013 0.0 1.0 0.0 1.0 0.0 0.0 0.0 0.0 1.0 2.4 1.0 1.6 
014 0.0 1.0 0.0 1.0 0.0 0.0 0.0 0.0 1.0 3.0 1.0 5.7 
015 0.0 1.0 0.0 1.0 0.0 0.0 0.0 0.0 1.0 5.4 1.0 2.2 
016 0.0 1.0 0.0 1.0 0.0 0.0 0.0 0.0 1.0 1.1 1.0 3.2 