001 0.0 1.0 0.0 1.0 0.0 0.0 0.0 0.0 1.0 1.0 1.0 1.0 
002 0.0 1.0 0.0 1.0 0.0 0.0 0.0 0.0 1.0 1.0 1.0 2.0 
003 0.0 1.0 0.0 1.0 0.0 0.0 0.0 0.0 1.0 1.0 1.0 3.0 
004 0.0 1.0 0.0 1.0 0.0 0.0 0.0 0.0 1.0 1.0 1.0 4.0 
005 0.0 1.0 0.0 1.0 0.0 0.0 0.0 0.0 1.0 1.0 1.0 5.0 
006 0.0 1.0 0.0 1.0 0.0 0.0 0.0 0.0 1.0 1.0 1.0 6.0 
007 0.0 1.0 0.0 1.0 0.0 0.0 0.0 0.0 1.0 2.0 1.0 1.0 
008 0.0 1.0 0.0 1.0 0.0 0.0 0.0 0.0 1.0 2.0 1.0 2.0 
009 0.0 1.0 0.0 1.0 0.0 0.0 0.0 0.0 1.0 2.0 1.0 3.0 
010 0.0 1.0 0.0 1.0 0.0 0.0 0.0 0.0 1.0 2.0 1.0 4.0 
011 0.0 1.0 0.0 1.0 0.0 0.0 0.0 0.0 1.0 2.0 1.0 5.0 
012 0.0 1.0 0.0 1.0 0.0 0.0 0.0 0.0 1.0 2.0 1.0 6.0 
013 0.0 1.0 0.0 1.0 0.0 0.0 0.0 0.0 1.0 3.0 1.0 1.0 
014 0.0 1.0 0.0 1.0 0.0 0.0 0.0 0.0 1.0 3.0 1.0 2.0 
017 0.0 1.0 0.0 1.0 0.0 0.0 0.0 0.0 1.0 3.0 1.0 5.0 
018 0.0 1.0 0.0 1.0 0.0 0.0 0.0 0.0 1.0 3.0 1.0 6.0 
019 0.0 1.0 0.0 1.0 0.0 0.0 0.0 0.0 1.0 4.0 1.0 1.0 
020 0.0 1.0 0.0 1.0 0.0 0.0 0.0 0.0 1.0 4.0 1.0 2.0 
023 0.0 1.0 0.0 1.0 0.0 0.0 0.0 0.0 1.0 4.0 1.0 5.0 
024 0.0 1.0 0.0 1.0 0.0 0.0 0.0 0.0 1.0 4.0 1.0 6.0 
025 0.0 1.0 0.0 1.0 0.0 0.0 0.0 0.0 1.0 5.0 1.0 1.0 
026 0.0 1.0 0.0 1.0 0.0 0.0 0.0 0.0 1.0 5.0 1.0 2.0 
027 0.0 1.0 0.0 1.0 0.0 0.0 0.0 0.0 1.0 5.0 1.0 3.0 
028 0.0 1.0 0.0 1.0 0.0 0.0 0.0 0.0 1.0 5.0 1.0 4.0 
029 0.0 1.0 0.0 1.0 0.0 0.0 0.0 0.0 1.0 5.0 1.0 5.0 
030 0.0 1.0 0.0 1.0 0.0 0.0 0.0 0.0 1.0 5.0 1.0 6.0 
031 0.0 1.0 0.0 1.0 0.0 0.0 0.0 0.0 1.0 6.0 1.0 1.0 
032 0.0 1.0 0.0 1.0 0.0 0.0 0.0 0.0 1.0 6.0 1.0 2.0 
033 0.0 1.0 0.0 1.0 0.0 0.0 0.0 0.0 1.0 6.0 1.0 3.0 
034 0.0 1.0 0.0 1.0 0.0 0.0 0.0 0.0 1.0 6.0 1.0 4.0 
035 0.0 1.0 0.0 1.0 0.0 0.0 0.0 0.0 1.0 6.0 1.0 5.0 
036 0.0 1.0 0.0 1.0 0.0 0.0 0.0 0.0 1.0 6.0 1.0 6.0 